[gd_scene format=3 uid="uid://4twcbj3ejyun"]

[ext_resource type="PackedScene" uid="uid://wkcejghgv1sc" path="res://Resources/Buildings/resource_stone_single.tscn" id="1_s2abj"]
[ext_resource type="Script" uid="uid://dle28sw1bbkmo" path="res://Source/UI/GatherResourcesIcon.cs" id="1_wys3w"]
[ext_resource type="PackedScene" uid="uid://cwv7qn145id7c" path="res://Resources/Buildings/resource_lumber_single.tscn" id="2_7okt1"]

[sub_resource type="ViewportTexture" id="ViewportTexture_s2abj"]
viewport_path = NodePath("SubViewport")

[sub_resource type="LabelSettings" id="LabelSettings_s2abj"]
font_size = 24

[node name="GatherResources" type="PanelContainer" unique_id=1200169067]
anchors_preset = 8
anchor_left = 0.5
anchor_top = 0.5
anchor_right = 0.5
anchor_bottom = 0.5
offset_left = -27.0
offset_top = -13.5
offset_right = 27.0
offset_bottom = 13.5
grow_horizontal = 2
grow_vertical = 2
script = ExtResource("1_wys3w")

[node name="VBoxContainer" type="VBoxContainer" parent="." unique_id=1108337990]
layout_mode = 2

[node name="CenterContainer" type="CenterContainer" parent="VBoxContainer" unique_id=1347708597]
layout_mode = 2

[node name="TextureRect" type="TextureRect" parent="VBoxContainer/CenterContainer" unique_id=1847194561]
custom_minimum_size = Vector2(100, 100)
layout_mode = 2
texture = SubResource("ViewportTexture_s2abj")

[node name="Label" type="Label" parent="VBoxContainer" unique_id=304560056]
layout_mode = 2
size_flags_horizontal = 4
text = "Gather"
label_settings = SubResource("LabelSettings_s2abj")
horizontal_alignment = 1

[node name="SubViewport" type="SubViewport" parent="." unique_id=1770352130]
own_world_3d = true
transparent_bg = true
size = Vector2i(100, 90)

[node name="Camera3D" type="Camera3D" parent="SubViewport" unique_id=184476431]
transform = Transform3D(0.70710677, -0.29883623, 0.6408563, 0, 0.90630776, 0.42261827, -0.70710677, -0.29883623, 0.6408563, 4, 2.8, 4)
projection = 1
size = 0.6

[node name="DirectionalLight3D" type="DirectionalLight3D" parent="SubViewport" unique_id=57886132]
transform = Transform3D(0.70710677, -0.49999997, 0.49999997, 0, 0.70710677, 0.70710677, -0.70710677, -0.49999997, 0.49999997, 0, 0, 0)

[node name="resource_stone_single" parent="SubViewport" unique_id=2028985449 instance=ExtResource("1_s2abj")]
transform = Transform3D(0.90630776, 0, 0.42261827, 0, 1, 0, -0.42261827, 0, 0.90630776, -0.1, 0, 0.05)

[node name="resource_lumber_single" parent="SubViewport" unique_id=2017235227 instance=ExtResource("2_7okt1")]
transform = Transform3D(0.83651626, 0.4829629, 0.25881904, -0.5, 0.8660254, 0, -0.22414386, -0.12940952, 0.9659258, 0, 0.15, 0)
